-5.0,0.0811000943105
-4.99499499499,0.172919123601
-4.98998998999,0.199402777973
-4.98498498498,0.148747369645
-4.97997997998,0.0842517754345
-4.97497497497,0.0861203231663
-4.96996996997,0.177722779868
-4.96496496496,0.304107668549
-4.95995995996,0.382523671042
-4.95495495495,0.378499972138
-4.94994994995,0.337537627513
-4.94494494494,0.343275057935
-4.93993993994,0.440590121485
-4.93493493493,0.594338363988
-4.92992992993,0.721663309937
-4.92492492492,0.768172861498
-4.91991991992,0.757945575667
-4.91491491491,0.771391279039
-4.90990990991,0.871320868895
-4.9049049049,1.04519638459
-4.8998998999,1.21665636734
-4.89489489489,1.31572014579
-4.88988988989,1.34312555106
-4.88488488488,1.36964826282
-4.87987987988,1.47102857649
-4.87487487487,1.65833362179
-4.86986986987,1.86777968786
-4.86486486486,2.01937196225
-4.85985985986,2.09044857838
-4.85485485485,2.13651291337
-4.84984984985,2.24020101781
-4.84484484484,2.4353032873
-4.83983983984,2.67569450051
-4.83483483483,2.87773780372
-4.82982982983,2.99717661396
-4.82482482482,3.06982037981
-4.81981981982,3.17861789895
-4.81481481481,3.37739083273
-4.80980980981,3.6413464727
-4.8048048048,3.88986809346
-4.7997997998,4.06062954665
-4.79479479479,4.16689348025
-4.78978978979,4.28531346471
-4.78478478478,4.48545469495
-4.77977977978,4.76583161002
-4.77477477477,5.05526914791
-4.76976976977,5.27833610422
-4.76476476476,5.42469146681
-4.75975975976,5.55858702595
-4.75475475475,5.75978960447
-4.74974974975,6.05023873696
-4.74474474474,6.37387038974
-4.73973973974,6.64815670058
-4.73473473473,6.83997633916
-4.72972972973,6.99606062907
-4.72472472472,7.20002340717
-4.71971971972,7.49548116966
-4.71471471471,7.8459464882
-4.70970970971,8.16836850433
-4.7047047047,8.40948352668
-4.6996996997,8.59477934388
-4.69469469469,8.80505569011
-4.68968968969,9.1021310631
-4.68468468468,9.47200070381
-4.67967967968,9.83770602917
-4.67467467467,10.130083421
-4.66966966967,10.3513462611
-4.66466466466,10.5730431825
-4.65965965966,10.8702697119
-4.65465465465,11.2526188158
-4.64964964965,11.6553540995
-4.64464464464,11.9989209804
-4.63963963964,12.2620815361
-4.63463463463,12.5014331866
-4.62962962963,12.7993658237
-4.62462462462,13.1883053631
-4.61961961962,13.6208938488
-4.61461461461,14.0135223833
-4.60960960961,14.3231929098
-4.6046046046,14.5870424778
-4.5995995996,14.888191565
-4.59459459459,15.2793153504
-4.58958958959,15.7342061596
-4.58458458458,16.1718603446
-4.57957957958,16.5309442338
-4.57457457457,16.8261755007
-4.56956956957,17.1347831816
-4.56456456456,17.5254949388
-4.55955955956,17.9953403536
-4.55455455455,18.4723730095
-4.54954954955,18.8818086946
-4.54454454454,19.2147725668
-4.53953953954,19.5364494533
-4.53453453453,19.9261439386
-4.52952952953,20.4043587189
-4.52452452452,20.913935048
-4.51951951952,21.3725946625
-4.51451451451,21.7485763818
-4.50950950951,22.0898274432
-4.5045045045,22.4799111923
-4.4994994995,22.9611693958
-4.49449449449,23.4957833919
-4.48948948949,24.0005342774
-4.48448448448,24.423303776
-4.47947947948,24.7909812424
-4.47447447447,25.1847313242
-4.46946946947,25.665361079
-4.46446446446,26.2174036757
-4.45945945946,26.763327867
-4.45445445445,27.2348091106
-4.44944944945,27.6355359979
-4.44444444444,28.0378080516
-4.43943943944,28.5160528592
-4.43443443443,29.0783865859
-4.42942942943,29.6591408143
-4.42442442442,30.1792265009
-4.41941941942,30.618836707
-4.41441441441,31.0356455476
-4.40940940941,31.5117713299
-4.4044044044,32.0782657273
-4.3993993994,32.6865532937
-4.39439439439,33.2530796988
-4.38938938939,33.736119301
-4.38438438438,34.1741255317
-4.37937937938,34.650364924
-4.37437437437,35.2163500967
-4.36936936937,35.8444670564
-4.36436436436,36.4533510566
-4.35935935936,36.9826805678
-4.35435435435,37.4486241259
-4.34934934935,37.9289624846
-4.34434434434,38.4915646947
-4.33933933934,39.1319768747
-4.33433433433,39.7775042689
-4.32932932933,40.354033568
-4.32432432432,40.8541593597
-4.31931931932,41.343979564
-4.31431431431,41.9023121628
-4.30930930931,42.5482170818
-4.3043043043,43.2234592733
-4.2992992993,43.84603636
-4.29429429429,44.3855577725
-4.28928928929,44.8911721485
-4.28428428428,45.4463666723
-4.27927927928,46.0921956343
-4.27427427427,46.7895215178
-4.26926926927,47.454983986
-4.26426426426,48.0376270471
-4.25925925926,48.5657337364
-4.25425425425,49.1208087253
-4.24924924925,49.7626291261
-4.24424424424,50.4742714378
-4.23923923924,51.1776566061
-4.23423423423,51.8053211405
-4.22922922923,52.362428256
-4.22422422422,52.9220062811
-4.21921921922,53.5577921185
-4.21421421421,54.2764231719
-4.20920920921,55.0113201679
-4.2042042042,55.6838849802
-4.1991991992,56.2757484574
-4.19419419419,56.8456439371
-4.18918918919,57.4753930134
-4.18418418418,58.1946639966
-4.17917917918,58.9536797888
-4.17417417417,59.6689674305
-4.16916916917,60.3000873953
-4.16416416416,60.8867980746
-4.15915915916,61.5124865952
-4.15415415415,62.22748751
-4.14914914915,63.0027898018
-4.14414414414,63.7566937705
-4.13913913914,64.4299095823
-4.13413413413,65.0400522238
-4.12912912913,65.66543045
-4.12412412412,66.3730340949
-4.11911911912,67.1569278774
-4.11411411411,67.9436921563
-4.10910910911,68.6599084271
-4.1041041041,69.2996437086
-4.0990990991,69.9298889846
-4.09409409409,70.6289516231
-4.08908908909,71.4144434999
-4.08408408408,72.2270722129
-4.07907907908,72.985137671
-4.07407407407,73.6596301455
-4.06906906907,74.3008849821
-4.06406406406,74.9922877548
-4.05905905906,75.7735931298
-4.05405405405,76.6043577232
-4.04904904905,77.4011066144
-4.04404404404,78.1140627954
-4.03903903904,78.772894853
-4.03403403403,79.4594226788
-4.02902902903,80.232375449
-4.02402402402,81.0733790428
-4.01901901902,81.9038318178
-4.01401401401,82.6571532317
-4.00900900901,83.339980263
-4.004004004,84.0260479225
-3.998998999,84.7883800863
-3.99399399399,85.6321340862
-3.98898898899,86.4898414318
-3.98398398398,87.2834203222
-3.97897897898,87.9959459318
-3.97397397397,88.6871931995
-3.96896896897,89.4386621541
-3.96396396396,90.2786292377
-3.95895895896,91.1561320962
-3.95395395395,91.9878061
-3.94894894895,92.734511315
-3.94394394394,93.4372994399
-3.93893893894,94.1796528749
-3.93393393393,95.0107131469
-3.92892892893,95.9000821255
-3.92392392392,96.7657515816
-3.91891891892,97.5494827835
-3.91391391391,98.2703324767
-3.90890890891,99.0071137099
-3.9039039039,99.8259169424
-3.8988988989,100.719328193
-3.89389389389,101.613226788
-3.88888888889,102.434912879
-3.88388388388,103.179928628
-3.87887887888,103.916137941
-3.87387387387,104.721313888
-3.86886886887,105.611615636
-3.86386386386,106.526712873
-3.85885885886,107.385234264
-3.85385385385,108.159560882
-3.84884884885,108.901199879
-3.84384384384,109.693409965
-3.83883883884,110.574634602
-3.83383383383,111.503138096
-3.82882882883,112.395357989
-3.82382382382,113.202712745
-3.81881881882,113.956248096
-3.81381381381,114.738074408
-3.80880880881,115.605855417
-3.8038038038,116.539773041
-3.7987987988,117.460728585
-3.79379379379,118.30304623
-3.78878878879,119.074835547
-3.78378378378,119.850516037
-3.77877877878,120.70237658
-3.77377377377,121.63409374
-3.76876876877,122.577331875
-3.76376376376,123.454550905
-3.75875875876,124.250276562
-3.75375375375,125.025307584
-3.74874874875,125.860797829
-3.74374374374,126.783623945
-3.73873873874,127.741655231
-3.73373373373,128.651662457
-3.72872872873,129.47581849
-3.72372372372,130.256456418
-3.71871871872,131.077128704
-3.71371371371,131.985769402
-3.70870870871,132.950603749
-3.7037037037,133.889341646
-3.6986986987,134.744814673
-3.69369369369,135.537516328
-3.68868868869,136.34674022
-3.68368368368,137.237657689
-3.67867867868,138.201379349
-3.67367367367,139.163107693
-3.66866866867,140.050885292
-3.66366366366,140.86173182
-3.65865865866,141.664363822
-3.65365365365,142.535996679
-3.64864864865,143.491332772
-3.64364364364,144.469023771
-3.63863863864,145.388053587
-3.63363363363,146.222203743
-3.62862862863,147.024138052
-3.62362362362,147.876963259
-3.61861861862,148.817800578
-3.61361361361,149.803636084
-3.60860860861,150.750846969
-3.6036036036,151.612063399
-3.5985985986,152.419699532
-3.59359359359,153.256131486
-3.58858858859,154.177940492
-3.58358358358,155.163871733
-3.57857857858,156.134355269
-3.57357357357,157.024641597
-3.56856856857,157.844311363
-3.56356356356,158.668446253
-3.55855855856,159.568578523
-3.55355355355,160.546903841
-3.54854854855,161.534241855
-3.54354354354,162.453619534
-3.53853853854,163.291019046
-3.53353353353,164.108244909
-3.52852852853,164.986080408
-3.52352352352,165.949995013
-3.51851851852,166.946707052
-3.51351351351,167.893149809
-3.50850850851,168.752821851
-3.5035035035,169.569325433
-3.4984984985,170.426257936
-3.49349349349,171.370331966
-3.48848848849,172.368407133
-3.48348348348,173.337938301
-3.47847847848,174.222846332
-3.47347347347,175.045056101
-3.46846846847,175.88431798
-3.46346346346,176.804864824
-3.45845845846,177.79633568
-3.45345345345,178.783280705
-3.44844844845,179.694508496
-3.44344344344,180.528518237
-3.43843843844,181.354858631
-3.43343343343,182.25016424
-3.42842842843,183.227677108
-3.42342342342,184.225051181
-3.41841841842,185.16165207
-3.41341341341,186.012671029
-3.40840840841,186.831913094
-3.4034034034,187.702308075
-3.3983983984,188.659644367
-3.39339339339,189.659644367
-3.38838838839,190.618652197
-3.38338338338,191.490525642
-3.37837837838,192.309038198
-3.37337337337,193.156806994
-3.36836836837,194.089314104
-3.36336336336,195.083875711
-3.35835835836,196.060476639
-3.35335335335,196.955315075
-3.34834834835,197.779440812
-3.34334334334,198.608575275
-3.33833833834,199.513472756
-3.33333333333,200.49484842
-3.32832832833,201.482699967
-3.32332332332,202.400646618
-3.31831831832,203.236132453
-3.31331331331,204.051949485
-3.30830830831,204.928486195
-3.3033033033,205.889797975
-3.2982982983,206.881469962
-3.29329329329,207.820625078
-3.28828828829,208.672100109
-3.28328328328,209.480753899
-3.27827827828,210.330203639
-3.27327327327,211.265926932
-3.26826826827,212.253429234
-3.26326326326,213.20993733
-3.25825825826,214.080480024
-3.25325325325,214.888407785
-3.24824824825,215.713903845
-3.24324324324,216.620243532
-3.23823823824,217.595598663
-3.23323323323,218.563891791
-3.22822822823,219.45472094
-3.22322322322,220.268066361
-3.21821821822,221.074288213
-3.21321321321,221.949417307
-3.20820820821,222.905232293
-3.2032032032,223.878410019
-3.1981981982,224.788724154
-3.19319319319,225.612784548
-3.18818818819,226.405521687
-3.18318318318,227.249663544
-3.17817817818,228.179655574
-3.17317317317,229.149971456
-3.16816816817,230.076949546
-3.16316316316,230.915690797
-3.15815815816,231.701318549
-3.15315315315,232.516666138
-3.14814814815,233.41610018
-3.14314314314,234.375516054
-3.13813813814,235.314479511
-3.13313313313,236.170157508
-3.12812812813,236.955066609
-3.12312312312,237.74554533
-3.11811811812,238.611548915
-3.11311311311,239.552312885
-3.10810810811,240.497036011
-3.1031031031,241.369954788
-3.0980980981,242.159980227
-3.09309309309,242.930873237
-3.08808808809,243.762603384
-3.08308308308,244.677805527
-3.07807807808,245.620949744
-3.07307307307,246.509375645
-3.06806806807,247.309270336
-3.06306306306,248.066736268
-3.05805805806,248.865385314
-3.05305305305,249.7494469
-3.04804804805,250.683084213
-3.04304304304,251.583322975
-3.03803803804,252.396318228
-3.03303303303,253.146839795
-3.02802802803,253.915479712
-3.02302302302,254.764537016
-3.01801801802,255.680721075
-3.01301301301,256.587351748
-3.00800800801,257.414839615
-3.003003003,258.164647066
-2.997997998,258.907924733
-2.99299299299,259.720076913
-2.98798798799,260.611416236
-2.98298298298,261.517663355
-2.97797797798,262.359026202
-2.97297297297,263.113541611
-2.96796796797,263.837249363
-2.96296296296,264.612650726
-2.95795795796,265.472838473
-2.95295295295,266.371052889
-2.94794794795,267.223653835
-2.94294294294,267.987000553
-2.93793793794,268.697556269
-2.93293293293,269.438345618
-2.92792792793,270.262603765
-2.92292292292,271.144813888
-2.91791791792,272.004148913
-2.91291291291,272.778765301
-2.90790790791,273.482643504
-2.9029029029,274.192716249
-2.8978978979,274.978118843
-2.89289289289,275.836608438
-2.88788788789,276.696608102
-2.88288288288,277.482996377
-2.87787787788,278.186155709
-2.87287287287,278.870796953
-2.86786786787,279.616446727
-2.86286286286,280.444313286
-2.85785785786,281.297770077
-2.85285285285,282.094400321
-2.84784784785,282.801753063
-2.84284284284,283.467160929
-2.83783783784,284.17420529
-2.83283283283,284.965854547
-2.82782782783,285.804941859
-2.82282282282,286.608318897
-2.81781781782,287.323284827
-2.81281281281,287.976022065
-2.80780780781,288.647507198
-2.8028028028,289.399044455
-2.7977977978,290.215885915
-2.79279279279,291.020773771
-2.78778778779,291.744953963
-2.78278278278,292.391371554
-2.77777777778,293.031946342
-2.77277277277,293.741433469
-2.76776776777,294.528677296
-2.76276276276,295.328463412
-2.75775775776,296.061459996
-2.75275275275,296.70713873
-2.74774774775,297.322632102
-2.74274274274,297.990189795
-2.73773773774,298.741542502
-2.73273273273,299.528712735
-2.72772772773,300.268109041
-2.72272272272,300.917363588
-2.71771771772,301.514269025
-2.71271271271,302.142016224
-2.70770770771,302.852693176
-2.7027027027,303.619379802
-2.6976976977,304.36088249
-2.69269269269,305.01636753
-2.68768768769,305.60127583
-2.68268268268,306.193111158
-2.67767767768,306.86016816
-2.67267267267,307.59872726
-2.66766766767,308.336459188
-2.66266266266,308.998909006
-2.65765765766,309.57793454
-2.65265265265,310.139177236
-2.64764764765,310.761696766
-2.64264264264,311.465269054
-2.63763763764,312.192189579
-2.63263263263,312.860311919
-2.62762762763,313.438558135
-2.62262262262,313.975477106
-2.61761761762,314.554594412
-2.61261261261,315.217604866
-2.60760760761,315.926024147
-2.6026026026,316.596556828
-2.5975975976,317.177663607
-2.59259259259,317.69693218
-2.58758758759,318.235699195
-2.58258258258,318.854255743
-2.57757757758,319.536402118
-2.57257257257,320.204327936
-2.56756756757,320.790136915
-2.56256256256,321.298256744
-2.55755755756,321.801354711
-2.55255255255,322.373514242
-2.54754754755,323.02210952
-2.54254254254,323.681012364
-2.53753753754,324.271376914
-2.53253253253,324.774116985
-2.52752752753,325.247440716
-2.52252252252,325.773321273
-2.51751751752,326.382118164
-2.51251251251,327.024652005
-2.50750750751,327.617407051
-2.5025025025,328.119302512
-2.4974974975,328.569449438
-2.49249249249,329.051179691
-2.48748748749,329.615418583
-2.48248248248,330.233852036
-2.47747747748,330.82494615
-2.47247247247,331.328896921
-2.46746746747,331.762601675
-2.46246246246,332.204111739
-2.45745745746,332.720860489
-2.45245245245,333.307653583
-2.44744744745,333.891432869
-2.44244244244,334.398434048
-2.43743743744,334.821993659
-2.43243243243,335.22866395
-2.42742742743,335.697013642
-2.42242242242,336.245380905
-2.41741741742,336.815002102
-2.41241241241,337.32402767
-2.40740740741,337.742763187
-2.4024024024,338.120959328
-2.3973973974,338.542060455
-2.39239239239,339.046475476
-2.38738738739,339.594415395
-2.38238238238,340.102464529
-2.37737737738,340.520261995
-2.37237237237,340.876792855
-2.36736736737,341.253729056
-2.36236236236,341.710330381
-2.35735735736,342.228951135
-2.35235235235,342.731253458
-2.34734734735,343.150220834
-2.34234234234,343.491762895
-2.33733733734,343.829272355
-2.33233233233,344.236138402
-2.32732732733,344.718263426
-2.32232232232,345.208626887
-2.31731731732,345.628894288
-2.31231231231,345.961428233
-2.30730730731,346.265494954
-2.3023023023,346.62276608
-2.2972972973,347.062221094
-2.29229229229,347.533494786
-2.28728728729,347.953173961
-2.28228228228,348.281478391
-2.27727727728,348.558825929
-2.27227227227,348.868663959
-2.26726726727,349.260739799
-2.26226226226,349.705354878
-2.25725725726,350.120661198
-2.25225225225,350.447903832
-2.24724724725,350.705431855
-2.24224224224,350.971820311
-2.23723723724,351.313620794
-2.23223223223,351.724166434
-2.22722722723,352.129693697
-2.22222222222,352.457152645
-2.21721721722,352.701361218
-2.21221221221,352.929762199
-2.20720720721,353.220409331
-2.2022022022,353.590197863
-2.1971971972,353.979324038
-2.19219219219,354.30626138
-2.18718718719,354.542708861
-2.18218218218,354.739603923
-2.17717717718,354.980284124
-2.17217217217,355.303860362
-2.16716716717,355.669251984
-2.16216216216,355.992949741
-2.15715715716,356.225787495
-2.15215215215,356.398139127
-2.14714714715,356.591986822
-2.14214214214,356.865541014
-2.13713713714,357.199716071
-2.13213213213,357.515671726
-2.12712712713,357.747292745
-2.12212212212,357.901969361
-2.11711711712,358.053797215
-2.11211211211,358.275448763
-2.10710710711,358.571353244
-2.1021021021,358.873619255
-2.0970970971,359.104448691
-2.09209209209,359.247658957
-2.08708708709,359.363556276
-2.08208208208,359.533485621
-2.07707707708,359.785037828
-2.07207207207,360.066678112
-2.06706706707,360.295122417
-2.06206206206,360.431904
-2.05705705706,360.518735293
-2.05205205205,360.639153493
-2.04704704705,360.841712766
-2.04204204204,361.095339792
-2.03703703704,361.317898549
-2.03203203203,361.451702018
-2.02702702703,361.51654569
-2.02202202202,361.591504112
-2.01701701702,361.742226645
-2.01201201201,361.960576381
-2.00700700701,362.172107918
-2.002002002,362.304508961
-1.996996997,362.354080858
-1.99199199199,362.389136175
-1.98698698699,362.487189588
-1.98198198198,362.663688504
-1.97697697698,362.857808149
-1.97197197197,362.988371045
-1.96696696697,363.028478779
-1.96196196196,363.030239951
-1.95695695696,363.076859541
-1.95195195195,363.206138516
-1.94694694695,363.375717778
-1.94194194194,363.50202101
-1.93693693694,363.537092548
-1.93193193193,363.512685895
-1.92692692693,363.511068094
-1.92192192192,363.589382296
-1.91691691692,363.727109215
-1.91191191191,363.844931181
-1.90690690691,363.877655256
-1.9019019019,363.834150243
-1.8968968969,363.789191774
-1.89189189189,363.814713071
-1.88688688689,363.913669108
-1.88188188188,364.01731916
-1.87687687688,364.048426154
-1.87187187187,363.992267626
-1.86686686687,363.910171139
-1.86186186186,363.883129762
-1.85685685686,363.937337279
-1.85185185185,364.020105711
-1.84684684685,364.048306471
-1.84184184184,363.984798582
-1.83683683684,363.872576196
-1.83183183183,363.79524036
-1.82682682683,363.800137081
-1.82182182182,363.854828226
-1.81681681682,363.876915686
-1.81181181181,363.809798622
-1.80680680681,363.674712922
-1.8018018018,363.551208037
-1.7967967968,363.504010696
-1.79179179179,363.523516672
-1.78678678679,363.534622191
-1.78178178178,363.465775419
-1.77677677678,363.314762429
-1.77177177177,363.150744307
-1.76676676677,363.050672514
-1.76176176176,363.028541912
-1.75675675676,363.022525903
-1.75175175175,362.951821575
-1.74674674675,362.790941679
-1.74174174174,362.593149757
-1.73673673674,362.44149225
-1.73173173173,362.372448453
-1.72672672673,362.342394194
-1.72172172172,362.267712376
-1.71671671672,362.101672927
-1.71171171171,361.877399102
-1.70670670671,361.677417101
-1.7017017017,361.557784953
-1.6966966967,361.49655622
-1.69169169169,361.413960746
-1.68668668669,361.245748374
-1.68168168168,361.00226375
-1.67667667668,360.758939108
-1.67167167167,360.586945935
-1.66666666667,360.487764046
-1.66166166166,360.391824966
-1.65665665666,360.222476884
-1.65165165165,359.966462095
-1.64664664665,359.686110298
-1.64164164164,359.462037283
-1.63663663664,359.319031576
-1.63163163163,359.20326851
-1.62662662663,359.031801012
-1.62162162162,358.76882549
-1.61661661662,358.45860433
-1.61161161161,358.184776198
-1.60660660661,357.993464076
-1.6016016016,357.850875148
-1.5965965966,357.674374997
-1.59159159159,357.408466655
-1.58658658659,357.075819701
-1.58158158158,356.756433498
-1.57657657658,356.514091799
-1.57157157157,356.337725999
-1.56656656657,356.15159741
-1.56156156156,355.884937008
-1.55655655656,355.537016193
-1.55155155155,355.177822811
-1.54654654655,354.883720894
-1.54154154154,354.667248273
-1.53653653654,354.465595797
-1.53153153153,354.198360322
-1.52652652653,353.841473641
-1.52152152152,353.449337419
-1.51651651652,353.104813403
-1.51151151151,352.843047651
-1.50650650651,352.619164451
-1.5015015015,352.34953198
-1.4964964965,351.988660257
-1.49149149149,351.57103175
-1.48648648649,351.179405795
-1.48148148148,350.868737565
-1.47647647648,350.615660173
-1.47147147147,350.3399758
-1.46646646647,349.978397023
-1.46146146146,349.542740901
-1.45645645646,349.109072436
-1.45145145145,348.747778878
-1.44644644645,348.458864216
-1.44144144144,348.171953818
-1.43643643644,347.81100494
-1.43143143143,347.364228572
-1.42642642643,346.89493679
-1.42142142142,346.483342612
-1.41641641642,346.152821298
-1.41141141141,345.848428124
-1.40640640641,345.487423275
-1.4014014014,345.035351515
-1.3963963964,344.537729332
-1.39139139139,344.078206542
-1.38638638639,343.701668377
-1.38138138138,343.372977656
-1.37637637638,343.009289273
-1.37137137137,342.556227238
-1.36636636637,342.037887425
-1.36136136136,341.534693751
-1.35635635636,341.109466699
-1.35135135135,340.749676453
-1.34634634635,340.378972838
-1.34134134134,339.927391497
-1.33633633634,339.395689072
-1.33133133133,338.854657905
-1.32632632633,338.380050343
-1.32132132132,337.982942915
-1.31631631632,337.599563261
-1.31131131131,337.14993286
-1.30630630631,336.611409731
-1.3013013013,336.039516264
-1.2962962963,335.516903179
-1.29129129129,335.077371917
-1.28628628629,334.674808917
-1.28128128128,334.225593464
-1.27627627628,333.685489538
-1.27127127127,333.090327631
-1.26626626627,332.523073881
-1.26126126126,332.037562992
-1.25625625626,331.609014546
-1.25125125125,331.156827786
-1.24624624625,330.618697445
-1.24124124124,330.00790887
-1.23623623624,329.401135577
-1.23123123123,328.867958089
-1.22622622623,328.406904138
-1.22122122122,327.946814548
-1.21621621622,327.412279033
-1.21121121121,326.792980524
-1.20620620621,326.153193181
-1.2012012012,325.572701652
-1.1961961962,325.073460149
-1.19119119119,324.599420638
-1.18618618619,324.068076021
-1.18118118118,323.446329738
-1.17617617618,322.780937634
-1.17117117117,322.15553397
-1.16616616617,321.613751676
-1.16116116116,321.119119715
-1.15615615616,320.588607756
-1.15115115115,319.968977319
-1.14614614615,319.285742514
-1.14114114114,318.61972609
-1.13613613614,318.032765054
-1.13113113113,317.510871779
-1.12612612613,316.977107999
-1.12112112112,316.362335418
-1.11611611612,315.668795139
-1.11111111111,314.968061274
-1.10610610611,314.335250191
-1.1011011011,313.7799731
-1.0960960961,313.237513851
-1.09109109109,312.628343052
-1.08608608609,311.931251475
-1.08108108108,311.202864259
-1.07607607608,310.525594623
-1.07107107107,309.931888214
-1.06606606607,309.374407486
-1.06106106106,308.76956845
-1.05605605606,308.074402311
-1.05105105105,307.326075758
-1.04604604605,306.607735128
-1.04104104104,305.972077171
-1.03603603604,305.392915095
-1.03103103103,304.789269843
-1.02602602603,304.099837206
-1.02102102102,303.339366034
-1.01601601602,302.585113691
-1.01101101101,301.905831536
-1.00600600601,301.298570863
-1.001001001,300.691409609
-0.995995995996,300.009592926
-0.990990990991,299.24427827
-0.985985985986,298.460681081
-0.980980980981,297.738131975
-0.975975975976,297.097156567
-0.970970970971,296.480620408
-0.965965965966,295.806274297
-0.960960960961,295.042390043
-0.955955955956,294.236947513
-0.950950950951,293.473538518
-0.945945945946,292.794529313
-0.940940940941,292.162125745
-0.935935935936,291.493137575
-0.930930930931,290.735479815
-0.925925925926,289.916076103
-0.920920920921,289.11612198
-0.915915915916,288.396450883
-0.910910910911,287.741621034
-0.905905905906,287.074129464
-0.900900900901,286.325684875
-0.895895895896,285.500011395
-0.890890890891,284.669441739
-0.885885885886,283.908432018
-0.880880880881,283.225124358
-0.875875875876,282.553878361
-0.870870870871,281.815637924
-0.865865865866,280.990632468
-0.860860860861,280.136571373
-0.855855855856,279.335603764
-0.850850850851,278.61880856
-0.845845845846,277.937638293
-0.840840840841,277.208571112
-0.835835835836,276.389918139
-0.830830830831,275.520169822
-0.825825825826,274.682625858
-0.820820820821,273.928827737
-0.815815815816,273.231189701
-0.810810810811,272.508378974
-0.805805805806,271.700110815
-0.800800800801,270.822592146
-0.795795795796,269.953639159
-0.790790790791,269.161151691
-0.785785785786,268.440704702
-0.780780780781,267.719634964
-0.775775775776,266.92386567
-0.770770770771,266.046030738
-0.765765765766,265.152265626
-0.760760760761,264.32142122
-0.755755755756,263.572587265
-0.750750750751,262.847559963
-0.745745745746,262.06437294
-0.740740740741,261.192675469
-0.735735735736,260.281655547
-0.730730730731,259.414835484
-0.725725725726,258.633300729
-0.720720720721,257.897944991
-0.715715715716,257.125443328
-0.710710710711,256.264879697
-0.705705705706,255.344577957
-0.700700700701,254.446080119
-0.695695695696,253.629196107
-0.690690690691,252.877033951
-0.685685685686,252.11154938
-0.680680680681,251.265318608
-0.675675675676,250.34354673
-0.670670670671,249.419301502
-0.665665665666,248.566354545
-0.660660660661,247.791375454
-0.655655655656,247.027819242
-0.650650650651,246.197126972
-0.645645645646,245.280971992
-0.640640640641,244.338128931
-0.635635635636,243.450456158
-0.630630630631,242.647655207
-0.625625625626,241.879982977
-0.620620620621,241.064005011
-0.615615615616,240.159324478
-0.610610610611,239.205742601
-0.605605605606,238.286685393
-0.600600600601,237.452521998
-0.595595595596,236.674275398
-0.590590590591,235.870283648
-0.585585585586,234.981299418
-0.580580580581,234.02498168
-0.575575575576,233.079680119
-0.570570570571,232.212420817
-0.565565565566,231.417302835
-0.560560560561,230.620943589
-0.555555555556,229.749966572
-0.550550550551,228.798483511
-0.545545545546,227.833528188
-0.540540540541,226.933446081
-0.535535535536,226.115884117
-0.530530530531,225.321586412
-0.525525525526,224.468894133
-0.520520520521,223.528842549
-0.515515515516,222.551811397
-0.510510510511,221.621226327
-0.505505505506,220.776878121
-0.500500500501,219.97835962
-0.495495495495,219.142236303
-0.49049049049,218.218776036
-0.485485485485,217.23769303
-0.48048048048,216.280849215
-0.475475475475,215.407011264
-0.47047047047,214.597841304
-0.465465465465,213.774777222
-0.46046046046,212.871282866
-0.455455455455,211.894041661
-0.45045045045,210.916832499
-0.445445445445,210.012718379
-0.44044044044,209.186893263
-0.435435435435,208.371927418
-0.43043043043,207.489782669
-0.425425425425,206.523581024
-0.42042042042,205.533142914
-0.415415415415,204.600009282
-0.41041041041,203.75249394
-0.405405405405,202.939672722
-0.4004004004,202.078223679
-0.395395395395,201.129053663
-0.39039039039,200.133261162
-0.385385385385,199.174371329
-0.38038038038,198.301564144
-0.375375375375,197.484479374
-0.37037037037,196.641150454
-0.365365365365,195.713384999
-0.36036036036,194.720287449
-0.355355355355,193.740715389
-0.35035035035,192.840799095
-0.345345345345,192.013162534
-0.34034034034,191.183725716
-0.335335335335,190.279834376
-0.33033033033,189.297078847
-0.325325325325,188.303369177
-0.32032032032,187.37651983
-0.315315315315,186.532728328
-0.31031031031,185.711704217
-0.305305305305,184.832120736
-0.3003003003,183.866407172
-0.295295295295,182.866118149
-0.29029029029,181.914555456
-0.285285285285,181.050201673
-0.28028028028,180.231360375
-0.275275275275,179.374512541
-0.27027027027,178.431124467
-0.265265265265,177.432290338
-0.26026026026,176.460165281
-0.255255255255,175.572453228
-0.25025025025,174.749375086
-0.245245245245,173.911874444
-0.24024024024,172.994322565
-0.235235235235,172.004878038
-0.23023023023,171.018006692
-0.225225225225,170.106038938
-0.22022022022,169.272690397
-0.215215215215,168.449666644
-0.21021021021,167.55947365
-0.205205205205,166.586686287
-0.2002002002,165.592150968
-0.195195195195,164.657064574
-0.19019019019,163.808343243
-0.185185185185,162.99389662
-0.18018018018,162.130540296
-0.175175175175,161.180495972
-0.17017017017,160.186145441
-0.165165165165,159.231085737
-0.16016016016,158.363291178
-0.155155155155,157.551026748
-0.15015015015,156.712045863
-0.145145145145,155.789228231
-0.14014014014,154.803116693
-0.135135135135,153.83305093
-0.13013013013,152.944243604
-0.125125125125,152.12784481
-0.12012012012,151.309099283
-0.115115115115,150.416096679
-0.11011011011,149.445906231
-0.105105105105,148.467291882
-0.1001001001,147.55751161
-0.0950950950951,146.731307366
-0.0900900900901,145.927371931
-0.0850850850851,145.064735015
-0.0800800800801,144.11722747
-0.0750750750751,143.137561568
-0.0700700700701,142.208888038
-0.0650650650651,141.36836811
-0.0600600600601,140.57302807
-0.0550550550551,139.739289483
-0.0500500500501,138.819831196
-0.045045045045,137.847116531
-0.04004004004,136.903566979
-0.035035035035,136.04580456
-0.03003003003,135.252614068
-0.025025025025,134.444468483
-0.02002002002,133.556665962
-0.015015015015,132.598836611
-0.01001001001,131.646108774
-0.00500500500501,130.770056516
0.0,129.97291487
0.00500500500501,129.891814776
0.01001001001,129.799995746
0.015015015015,129.773512092
0.02002002002,129.8241675
0.025025025025,129.888663095
0.03003003003,129.886794547
0.035035035035,129.79519209
0.04004004004,129.668807201
0.045045045045,129.590391199
0.0500500500501,129.594414898
0.0550550550551,129.635377242
0.0600600600601,129.629639812
0.0650650650651,129.532324748
0.0700700700701,129.378576506
0.0750750750751,129.25125156
0.0800800800801,129.204742008
0.0850850850851,129.214969294
0.0900900900901,129.201523591
0.0950950950951,129.101594001
0.1001001001,128.927718485
0.105105105105,128.756258503
0.11011011011,128.657194724
0.115115115115,128.629789319
0.12012012012,128.603266607
0.125125125125,128.501886293
0.13013013013,128.314581248
0.135135135135,128.105135182
0.14014014014,127.953542908
0.145145145145,127.882466292
0.15015015015,127.836401957
0.155155155155,127.732713852
0.16016016016,127.537611583
0.165165165165,127.297220369
0.17017017017,127.095177066
0.175175175175,126.975738256
0.18018018018,126.90309449
0.185185185185,126.794296971
0.19019019019,126.595524037
0.195195195195,126.331568397
0.2002002002,126.083046777
0.205205205205,125.912285323
0.21021021021,125.80602139
0.215215215215,125.687601405
0.22022022022,125.487460175
0.225225225225,125.20708326
0.23023023023,124.917645722
0.235235235235,124.694578766
0.24024024024,124.548223403
0.245245245245,124.414327844
0.25025025025,124.213125265
0.255255255255,123.922676133
0.26026026026,123.59904448
0.265265265265,123.324758169
0.27027027027,123.132938531
0.275275275275,122.976854241
0.28028028028,122.772891463
0.285285285285,122.4774337
0.29029029029,122.126968382
0.295295295295,121.804546366
0.3003003003,121.563431343
0.305305305305,121.378135526
0.31031031031,121.16785918
0.315315315315,120.870783807
0.32032032032,120.500914166
0.325325325325,120.135208841
0.33033033033,119.842831449
0.335335335335,119.621568609
0.34034034034,119.399871687
0.345345345345,119.102645158
0.35035035035,118.720296054
0.355355355355,118.31756077
0.36036036036,117.97399389
0.365365365365,117.710833334
0.37037037037,117.471481683
0.375375375375,117.173549046
0.38038038038,116.784609507
0.385385385385,116.352021021
0.39039039039,115.959392487
0.395395395395,115.64972196
0.4004004004,115.385872392
0.405405405405,115.084723305
0.41041041041,114.69359952
0.415415415415,114.23870871
0.42042042042,113.801054525
0.425425425425,113.441970636
0.43043043043,113.146739369
0.435435435435,112.838131688
0.44044044044,112.447419931
0.445445445445,111.977574516
0.45045045045,111.50054186
0.455455455455,111.091106175
0.46046046046,110.758142303
0.465465465465,110.436465417
0.47047047047,110.046770931
0.475475475475,109.568556151
0.48048048048,109.058979822
0.485485485485,108.600320208
0.49049049049,108.224338488
0.495495495495,107.883087427
0.500500500501,107.493003678
0.505505505506,107.011745474
0.510510510511,106.477131478
0.515515515516,105.972380593
0.520520520521,105.549611094
0.525525525526,105.181933628
0.530530530531,104.788183546
0.535535535536,104.307553791
0.540540540541,103.755511194
0.545545545546,103.209587003
0.550550550551,102.738105759
0.555555555556,102.337378872
0.560560560561,101.935106818
0.565565565566,101.456862011
0.570570570571,100.894528284
0.575575575576,100.313774056
0.580580580581,99.7936883691
0.585585585586,99.3540781629
0.590590590591,98.9372693223
0.595595595596,98.46114354
0.600600600601,97.8946491427
0.605605605606,97.2863615763
0.610610610611,96.7198351712
0.615615615616,96.236795569
0.620620620621,95.7987893382
0.625625625626,95.322549946
0.630630630631,94.7565647732
0.635635635636,94.1284478136
0.640640640641,93.5195638133
0.645645645646,92.9902343022
0.650650650651,92.5242907441
0.655655655656,92.0439523854
0.660660660661,91.4813501753
0.665665665666,90.8409379953
0.670670670671,90.1954106011
0.675675675676,89.6188813019
0.680680680681,89.1187555102
0.685685685686,88.6289353059
0.690690690691,88.0706027072
0.695695695696,87.4246977881
0.700700700701,86.7494555966
0.705705705706,86.1268785099
0.710710710711,85.5873570974
0.715715715716,85.0817427215
0.720720720721,84.5265481976
0.725725725726,83.8807192357
0.730730730731,83.1833933522
0.735735735736,82.517930884
0.740740740741,81.9352878229
0.745745745746,81.4071811335
0.750750750751,80.8521061446
0.755755755756,80.2102857439
0.760760760761,79.4986434321
0.765765765766,78.7952582639
0.770770770771,78.1675937294
0.775775775776,77.6104866139
0.780780780781,77.0509085889
0.785785785786,76.4151227515
0.790790790791,75.6964916981
0.795795795796,74.961594702
0.800800800801,74.2890298898
0.805805805806,73.6971664125
0.810810810811,73.1272709329
0.815815815816,72.4975218565
0.820820820821,71.7782508734
0.825825825826,71.0192350812
0.830830830831,70.3039474395
0.835835835836,69.6728274747
0.840840840841,69.0861167954
0.845845845846,68.4604282747
0.850850850851,67.74542736
0.855855855856,66.9701250681
0.860860860861,66.2162210995
0.865865865866,65.5430052877
0.870870870871,64.9328626462
0.875875875876,64.3074844199
0.880880880881,63.5998807751
0.885885885886,62.8159869926
0.890890890891,62.0292227137
0.895895895896,61.3130064428
0.900900900901,60.6732711613
0.905905905906,60.0430258854
0.910910910911,59.3439632469
0.915915915916,58.5584713701
0.920920920921,57.7458426571
0.925925925926,56.987777199
0.930930930931,56.3132847245
0.935935935936,55.6720298879
0.940940940941,54.9806271152
0.945945945946,54.1993217402
0.950950950951,53.3685571468
0.955955955956,52.5718082555
0.960960960961,51.8588520746
0.965965965966,51.2000200169
0.970970970971,50.5134921912
0.975975975976,49.740539421
0.980980980981,48.8995358272
0.985985985986,48.0690830522
0.990990990991,47.3157616383
0.995995995996,46.6329346069
1.001001001,45.9468669474
1.00600600601,45.1845347837
1.01101101101,44.3407807837
1.01601601602,43.4830734382
1.02102102102,42.6894945477
1.02602602603,41.9769689381
1.03103103103,41.2857216704
1.03603603604,40.5342527159
1.04104104104,39.6942856323
1.04604604605,38.8167827738
1.05105105105,37.98510877
1.05605605606,37.238403555
1.06106106106,36.53561543
1.06606606607,35.7932619951
1.07107107107,34.9622017231
1.07607607608,34.0728327445
1.08108108108,33.2071632883
1.08608608609,32.4234320865
1.09109109109,31.7025823933
1.0960960961,30.96580116
1.1011011011,30.1469979276
1.10610610611,29.2535866765
1.11111111111,28.3596880824
1.11611611612,27.5380019905
1.12112112112,26.7929862417
1.12612612613,26.0567769292
1.13113113113,25.2516009822
1.13613613614,24.3612992341
1.14114114114,23.4462019972
1.14614614615,22.5876806063
1.15115115115,21.8133539883
1.15615615616,21.0717149906
1.16116116116,20.2795049049
1.16616616617,19.3982802678
1.17117117117,18.4697767736
1.17617617618,17.5775568807
1.18118118118,16.7702021254
1.18618618619,16.0166667743
1.19119119119,15.2348404615
1.1961961962,14.3670594529
1.2012012012,13.4331418295
1.20620620621,12.5121862849
1.21121121121,11.6698686401
1.21621621622,10.8980793227
1.22122122122,10.1223988333
1.22622622623,9.27053829016
1.23123123123,8.33882112999
1.23623623624,7.39558299475
1.24124124124,6.51836396474
1.24624624625,5.72263830802
1.25125125125,4.94760728557
1.25625625626,4.11211704118
1.26126126126,3.18929092536
1.26626626627,2.23125963849
1.27127127127,1.321252413
1.27627627628,0.497096380428
1.28128128128,-0.283541548225
1.28628628629,-1.10421383425
1.29129129129,-2.01285453203
1.2962962963,-2.97768887908
1.3013013013,-3.91642677561
1.30630630631,-4.77189980342
1.31131131131,-5.56460145842
1.31631631632,-6.37382534977
1.32132132132,-7.26474281884
1.32632632633,-8.22846447935
1.33133133133,-9.19019282275
1.33633633634,-10.0779704216
1.34134134134,-10.8888169503
1.34634634635,-11.6914489516
1.35135135135,-12.5630818094
1.35635635636,-13.5184179018
1.36136136136,-14.4961089005
1.36636636637,-15.415138717
1.37137137137,-16.2492888732
1.37637637638,-17.0512231817
1.38138138138,-17.9040483895
1.38638638639,-18.8448857083
1.39139139139,-19.8307212136
1.3963963964,-20.7779320987
1.4014014014,-21.6391485289
1.40640640641,-22.4467846621
1.41141141141,-23.2832166156
1.41641641642,-24.2050256218
1.42142142142,-25.1909568635
1.42642642643,-26.1614403991
1.43143143143,-27.0517267274
1.43643643644,-27.8713964931
1.44144144144,-28.695531383
1.44644644645,-29.5956636532
1.45145145145,-30.5739889712
1.45645645646,-31.5613269853
1.46146146146,-32.4807046637
1.46646646647,-33.3181041757
1.47147147147,-34.1353300388
1.47647647648,-35.0131655383
1.48148148148,-35.9770801435
1.48648648649,-36.9737921819
1.49149149149,-37.9202349392
1.4964964965,-38.7799069814
1.5015015015,-39.5964105631
1.50650650651,-40.4533430665
1.51151151151,-41.3974170964
1.51651651652,-42.3954922627
1.52152152152,-43.3650234313
1.52652652653,-44.2499314625
1.53153153153,-45.0721412313
1.53653653654,-45.9114031105
1.54154154154,-46.8319499538
1.54654654655,-47.8234208101
1.55155155155,-48.8103658348
1.55655655656,-49.721593626
1.56156156156,-50.5556033666
1.56656656657,-51.3819437613
1.57157157157,-52.2772493702
1.57657657658,-53.2547622383
1.58158158158,-54.2521363112
1.58658658659,-55.1887372003
1.59159159159,-56.0397561595
1.5965965966,-56.8589982243
1.6016016016,-57.7293932048
1.60660660661,-58.6867294975
1.61161161161,-59.6867294975
1.61661661662,-60.6457373275
1.62162162162,-61.517610772
1.62662662663,-62.3361233281
1.63163163163,-63.1838921241
1.63663663664,-64.1163992339
1.64164164164,-65.1109608411
1.64664664665,-66.087561769
1.65165165165,-66.9824002053
1.65665665666,-67.8065259423
1.66166166166,-68.635660405
1.66666666667,-69.5405578863
1.67167167167,-70.5219335505
1.67667667668,-71.5097850975
1.68168168168,-72.4277317479
1.68668668669,-73.2632175835
1.69169169169,-74.0790346154
1.6966966967,-74.9555713254
1.7017017017,-75.9168831053
1.70670670671,-76.9085550924
1.71171171171,-77.8477102079
1.71671671672,-78.6991852395
1.72172172172,-79.5078390294
1.72672672673,-80.3572887692
1.73173173173,-81.2930120623
1.73673673674,-82.2805143636
1.74174174174,-83.2370224603
1.74674674675,-84.1075651536
1.75175175175,-84.9154929146
1.75675675676,-85.7409889755
1.76176176176,-86.6473286616
1.76676676677,-87.6226837926
1.77177177177,-88.5909769212
1.77677677678,-89.4818060705
1.78178178178,-90.295151491
1.78678678679,-91.1013733432
1.79179179179,-91.9765024368
1.7967967968,-92.9323174232
1.8018018018,-93.9054951488
1.80680680681,-94.8158092839
1.81181181181,-95.6398696779
1.81681681682,-96.4326068168
1.82182182182,-97.2767486741
1.82682682683,-98.2067407038
1.83183183183,-99.1770565856
1.83683683684,-100.104034676
1.84184184184,-100.942775927
1.84684684685,-101.728403679
1.85185185185,-102.543751268
1.85685685686,-103.44318531
1.86186186186,-104.402601184
1.86686686687,-105.341564641
1.87187187187,-106.197242638
1.87687687688,-106.982151739
1.88188188188,-107.77263046
1.88688688689,-108.638634045
1.89189189189,-109.579398015
1.8968968969,-110.524121141
1.9019019019,-111.397039918
1.90690690691,-112.187065357
1.91191191191,-112.957958367
1.91691691692,-113.789688515
1.92192192192,-114.704890657
1.92692692693,-115.648034874
1.93193193193,-116.536460775
1.93693693694,-117.336355466
1.94194194194,-118.093821398
1.94694694695,-118.892470444
1.95195195195,-119.77653203
1.95695695696,-120.710169343
1.96196196196,-121.610408105
1.96696696697,-122.423403358
1.97197197197,-123.173924925
1.97697697698,-123.942564842
1.98198198198,-124.791622146
1.98698698699,-125.707806205
1.99199199199,-126.614436878
1.996996997,-127.441924745
2.002002002,-128.191732196
2.00700700701,-128.935009863
2.01201201201,-129.747162043
2.01701701702,-130.638501366
2.02202202202,-131.544748485
2.02702702703,-132.386111332
2.03203203203,-133.140626741
2.03703703704,-133.864334493
2.04204204204,-134.639735856
2.04704704705,-135.499923603
2.05205205205,-136.398138019
2.05705705706,-137.250738965
2.06206206206,-138.014085683
2.06706706707,-138.724641399
2.07207207207,-139.465430748
2.07707707708,-140.289688895
2.08208208208,-141.171899018
2.08708708709,-142.031234043
2.09209209209,-142.805850431
2.0970970971,-143.509728634
2.1021021021,-144.219801379
2.10710710711,-145.005203973
2.11211211211,-145.863693568
2.11711711712,-146.723693232
2.12212212212,-147.510081507
2.12712712713,-148.213240839
2.13213213213,-148.897882083
2.13713713714,-149.643531857
2.14214214214,-150.471398416
2.14714714715,-151.324855207
2.15215215215,-152.121485451
2.15715715716,-152.828838193
2.16216216216,-153.494246059
2.16716716717,-154.20129042
2.17217217217,-154.992939677
2.17717717718,-155.832026989
2.18218218218,-156.635404027
2.18718718719,-157.350369957
2.19219219219,-158.003107195
2.1971971972,-158.674592328
2.2022022022,-159.426129585
2.20720720721,-160.242971045
2.21221221221,-161.047858902
2.21721721722,-161.772039093
2.22222222222,-162.418456684
2.22722722723,-163.059031472
2.23223223223,-163.768518599
2.23723723724,-164.555762426
2.24224224224,-165.355548542
2.24724724725,-166.088545126
2.25225225225,-166.73422386
2.25725725726,-167.349717232
2.26226226226,-168.017274925
2.26726726727,-168.768627632
2.27227227227,-169.555797865
2.27727727728,-170.295194171
2.28228228228,-170.944448718
2.28728728729,-171.541354155
2.29229229229,-172.169101354
2.2972972973,-172.879778306
2.3023023023,-173.646464932
2.30730730731,-174.38796762
2.31231231231,-175.04345266
2.31731731732,-175.62836096
2.32232232232,-176.220196288
2.32732732733,-176.88725329
2.33233233233,-177.62581239
2.33733733734,-178.363544319
2.34234234234,-179.025994136
2.34734734735,-179.60501967
2.35235235235,-180.166262366
2.35735735736,-180.788781896
2.36236236236,-181.492354184
2.36736736737,-182.219274709
2.37237237237,-182.887397049
2.37737737738,-183.465643265
2.38238238238,-184.002562236
2.38738738739,-184.581679542
2.39239239239,-185.244689996
2.3973973974,-185.953109277
2.4024024024,-186.623641958
2.40740740741,-187.204748737
2.41241241241,-187.72401731
2.41741741742,-188.262784325
2.42242242242,-188.881340873
2.42742742743,-189.563487248
2.43243243243,-190.231413066
2.43743743744,-190.817222046
2.44244244244,-191.325341874
2.44744744745,-191.828439841
2.45245245245,-192.400599372
2.45745745746,-193.04919465
2.46246246246,-193.708097494
2.46746746747,-194.298462044
2.47247247247,-194.801202115
2.47747747748,-195.274525846
2.48248248248,-195.800406403
2.48748748749,-196.409203294
2.49249249249,-197.051737135
2.4974974975,-197.644492181
2.5025025025,-198.146387642
2.50750750751,-198.596534568
2.51251251251,-199.078264821
2.51751751752,-199.642503714
2.52252252252,-200.260937166
2.52752752753,-200.85203128
2.53253253253,-201.355982051
2.53753753754,-201.789686805
2.54254254254,-202.231196869
2.54754754755,-202.747945619
2.55255255255,-203.334738713
2.55755755756,-203.918517999
2.56256256256,-204.425519178
2.56756756757,-204.849078789
2.57257257257,-205.25574908
2.57757757758,-205.724098772
2.58258258258,-206.272466035
2.58758758759,-206.842087232
2.59259259259,-207.3511128
2.5975975976,-207.769848318
2.6026026026,-208.148044458
2.60760760761,-208.569145585
2.61261261261,-209.073560606
2.61761761762,-209.621500525
2.62262262262,-210.129549659
2.62762762763,-210.547347125
2.63263263263,-210.903877985
2.63763763764,-211.280814186
2.64264264264,-211.737415511
2.64764764765,-212.256036265
2.65265265265,-212.758338588
2.65765765766,-213.177305964
2.66266266266,-213.518848025
2.66766766767,-213.856357485
2.67267267267,-214.263223532
2.67767767768,-214.745348556
2.68268268268,-215.235712017
2.68768768769,-215.655979418
2.69269269269,-215.988513363
2.6976976977,-216.292580084
2.7027027027,-216.649851211
2.70770770771,-217.089306224
2.71271271271,-217.560579916
2.71771771772,-217.980259091
2.72272272272,-218.308563521
2.72772772773,-218.585911059
2.73273273273,-218.895749089
2.73773773774,-219.287824929
2.74274274274,-219.732440008
2.74774774775,-220.147746328
2.75275275275,-220.474988962
2.75775775776,-220.732516986
2.76276276276,-220.998905441
2.76776776777,-221.340705924
2.77277277277,-221.751251564
2.77777777778,-222.156778827
2.78278278278,-222.484237775
2.78778778779,-222.728446348
2.79279279279,-222.956847329
2.7977977978,-223.247494461
2.8028028028,-223.617282994
2.80780780781,-224.006409168
2.81281281281,-224.33334651
2.81781781782,-224.569793991
2.82282282282,-224.766689053
2.82782782783,-225.007369254
2.83283283283,-225.330945492
2.83783783784,-225.696337114
2.84284284284,-226.020034871
2.84784784785,-226.252872625
2.85285285285,-226.425224257
2.85785785786,-226.619071952
2.86286286286,-226.892626144
2.86786786787,-227.226801201
2.87287287287,-227.542756856
2.87787787788,-227.774377875
2.88288288288,-227.929054491
2.88788788789,-228.080882345
2.89289289289,-228.302533893
2.8978978979,-228.598438374
2.9029029029,-228.900704385
2.90790790791,-229.131533821
2.91291291291,-229.274744087
2.91791791792,-229.390641406
2.92292292292,-229.560570751
2.92792792793,-229.812122958
2.93293293293,-230.093763242
2.93793793794,-230.322207547
2.94294294294,-230.45898913
2.94794794795,-230.545820423
2.95295295295,-230.666238623
2.95795795796,-230.868797896
2.96296296296,-231.122424922
2.96796796797,-231.344983679
2.97297297297,-231.478787148
2.97797797798,-231.54363082
2.98298298298,-231.618589242
2.98798798799,-231.769311775
2.99299299299,-231.987661511
2.997997998,-232.199193048
3.003003003,-232.331594091
3.00800800801,-232.381165988
3.01301301301,-232.416221305
3.01801801802,-232.514274718
3.02302302302,-232.690773634
3.02802802803,-232.884893279
3.03303303303,-233.015456175
3.03803803804,-233.05556391
3.04304304304,-233.057325081
3.04804804805,-233.103944671
3.05305305305,-233.233223646
3.05805805806,-233.402802908
3.06306306306,-233.52910614
3.06806806807,-233.564177678
3.07307307307,-233.539771025
3.07807807808,-233.538153224
3.08308308308,-233.616467426
3.08808808809,-233.754194345
3.09309309309,-233.872016311
3.0980980981,-233.904740386
3.1031031031,-233.861235373
3.10810810811,-233.816276904
3.11311311311,-233.841798201
3.11811811812,-233.940754238
3.12312312312,-234.04440429
3.12812812813,-234.075511284
3.13313313313,-234.019352757
3.13813813814,-233.937256269
3.14314314314,-233.910214892
3.14814814815,-233.964422409
3.15315315315,-234.047190841
3.15815815816,-234.075391601
3.16316316316,-234.011883712
3.16816816817,-233.899661326
3.17317317317,-233.82232549
3.17817817818,-233.827222211
3.18318318318,-233.881913356
3.18818818819,-233.904000816
3.19319319319,-233.836883752
3.1981981982,-233.701798052
3.2032032032,-233.578293167
3.20820820821,-233.531095826
3.21321321321,-233.550601802
3.21821821822,-233.561707321
3.22322322322,-233.492860549
3.22822822823,-233.341847559
3.23323323323,-233.177829437
3.23823823824,-233.077757644
3.24324324324,-233.055627042
3.24824824825,-233.049611033
3.25325325325,-232.978906705
3.25825825826,-232.818026809
3.26326326326,-232.620234887
3.26826826827,-232.46857738
3.27327327327,-232.399533583
3.27827827828,-232.369479324
3.28328328328,-232.294797506
3.28828828829,-232.128758057
3.29329329329,-231.904484232
3.2982982983,-231.704502231
3.3033033033,-231.584870083
3.30830830831,-231.52364135
3.31331331331,-231.441045876
3.31831831832,-231.272833505
3.32332332332,-231.02934888
3.32832832833,-230.786024238
3.33333333333,-230.614031065
3.33833833834,-230.514849176
3.34334334334,-230.418910096
3.34834834835,-230.249562014
3.35335335335,-229.993547225
3.35835835836,-229.713195428
3.36336336336,-229.489122413
3.36836836837,-229.346116706
3.37337337337,-229.23035364
3.37837837838,-229.058886142
3.38338338338,-228.79591062
3.38838838839,-228.48568946
3.39339339339,-228.211861328
3.3983983984,-228.020549206
3.4034034034,-227.877960278
3.40840840841,-227.701460127
3.41341341341,-227.435551785
3.41841841842,-227.102904831
3.42342342342,-226.783518628
3.42842842843,-226.541176929
3.43343343343,-226.364811129
3.43843843844,-226.17868254
3.44344344344,-225.912022138
3.44844844845,-225.564101323
3.45345345345,-225.204907941
3.45845845846,-224.910806024
3.46346346346,-224.694333403
3.46846846847,-224.492680927
3.47347347347,-224.225445452
3.47847847848,-223.868558771
3.48348348348,-223.476422549
3.48848848849,-223.131898533
3.49349349349,-222.870132781
3.4984984985,-222.646249581
3.5035035035,-222.37661711
3.50850850851,-222.015745387
3.51351351351,-221.59811688
3.51851851852,-221.206490925
3.52352352352,-220.895822695
3.52852852853,-220.642745303
3.53353353353,-220.36706093
3.53853853854,-220.005482153
3.54354354354,-219.569826031
3.54854854855,-219.136157566
3.55355355355,-218.774864008
3.55855855856,-218.485949346
3.56356356356,-218.199038948
3.56856856857,-217.83809007
3.57357357357,-217.391313702
3.57857857858,-216.922021921
3.58358358358,-216.510427742
3.58858858859,-216.179906428
3.59359359359,-215.875513254
3.5985985986,-215.514508405
3.6036036036,-215.062436645
3.60860860861,-214.564814462
3.61361361361,-214.105291672
3.61861861862,-213.728753507
3.62362362362,-213.400062786
3.62862862863,-213.036374403
3.63363363363,-212.583312368
3.63863863864,-212.064972555
3.64364364364,-211.561778881
3.64864864865,-211.136551829
3.65365365365,-210.776761583
3.65865865866,-210.406057968
3.66366366366,-209.954476627
3.66866866867,-209.422774202
3.67367367367,-208.881743035
3.67867867868,-208.407135473
3.68368368368,-208.010028045
3.68868868869,-207.626648391
3.69369369369,-207.17701799
3.6986986987,-206.638494862
3.7037037037,-206.066601394
3.70870870871,-205.543988309
3.71371371371,-205.104457047
3.71871871872,-204.701894047
3.72372372372,-204.252678594
3.72872872873,-203.712574668
3.73373373373,-203.117412761
3.73873873874,-202.550159011
3.74374374374,-202.064648122
3.74874874875,-201.636099676
3.75375375375,-201.183912916
3.75875875876,-200.645782575
3.76376376376,-200.034994
3.76876876877,-199.428220707
3.77377377377,-198.895043219
3.77877877878,-198.433989268
3.78378378378,-197.973899678
3.78878878879,-197.439364163
3.79379379379,-196.820065654
3.7987987988,-196.180278311
3.8038038038,-195.599786783
3.80880880881,-195.100545279
3.81381381381,-194.626505768
3.81881881882,-194.095161151
3.82382382382,-193.473414868
3.82882882883,-192.808022764
3.83383383383,-192.1826191
3.83883883884,-191.640836806
3.84384384384,-191.146204845
3.84884884885,-190.615692886
3.85385385385,-189.996062449
3.85885885886,-189.312827644
3.86386386386,-188.64681122
3.86886886887,-188.059850185
3.87387387387,-187.537956909
3.87887887888,-187.004193129
3.88388388388,-186.389420548
3.88888888889,-185.695880269
3.89389389389,-184.995146404
3.8988988989,-184.362335321
3.9039039039,-183.80705823
3.90890890891,-183.264598981
3.91391391391,-182.655428182
3.91891891892,-181.958336605
3.92392392392,-181.229949389
3.92892892893,-180.552679753
3.93393393393,-179.958973344
3.93893893894,-179.401492616
3.94394394394,-178.79665358
3.94894894895,-178.101487441
3.95395395395,-177.353160888
3.95895895896,-176.634820258
3.96396396396,-175.999162301
3.96896896897,-175.420000225
3.97397397397,-174.816354973
3.97897897898,-174.126922336
3.98398398398,-173.366451164
3.98898898899,-172.612198821
3.99399399399,-171.932916666
3.998998999,-171.325655993
4.004004004,-170.718494739
4.00900900901,-170.036678057
4.01401401401,-169.2713634
4.01901901902,-168.487766211
4.02402402402,-167.765217105
4.02902902903,-167.124241697
4.03403403403,-166.507705538
4.03903903904,-165.833359427
4.04404404404,-165.069475173
4.04904904905,-164.264032643
4.05405405405,-163.500623648
4.05905905906,-162.821614443
4.06406406406,-162.189210875
4.06906906907,-161.520222705
4.07407407407,-160.762564945
4.07907907908,-159.943161233
4.08408408408,-159.14320711
4.08908908909,-158.423536013
4.09409409409,-157.768706164
4.0990990991,-157.101214594
4.1041041041,-156.352770005
4.10910910911,-155.527096525
4.11411411411,-154.696526869
4.11911911912,-153.935517148
4.12412412412,-153.252209488
4.12912912913,-152.580963491
4.13413413413,-151.842723054
4.13913913914,-151.017717598
4.14414414414,-150.163656503
4.14914914915,-149.362688894
4.15415415415,-148.64589369
4.15915915916,-147.964723423
4.16416416416,-147.235656242
4.16916916917,-146.417003269
4.17417417417,-145.547254952
4.17917917918,-144.709710988
4.18418418418,-143.955912867
4.18918918919,-143.258274831
4.19419419419,-142.535464104
4.1991991992,-141.727195945
4.2042042042,-140.849677276
4.20920920921,-139.980724289
4.21421421421,-139.188236821
4.21921921922,-138.467789832
4.22422422422,-137.746720094
4.22922922923,-136.9509508
4.23423423423,-136.073115868
4.23923923924,-135.179350756
4.24424424424,-134.34850635
4.24924924925,-133.599672395
4.25425425425,-132.874645093
4.25925925926,-132.09145807
4.26426426426,-131.219760599
4.26926926927,-130.308740677
4.27427427427,-129.441920614
4.27927927928,-128.660385859
4.28428428428,-127.925030121
4.28928928929,-127.152528458
4.29429429429,-126.291964827
4.2992992993,-125.371663087
4.3043043043,-124.473165249
4.30930930931,-123.656281237
4.31431431431,-122.904119081
4.31931931932,-122.13863451
4.32432432432,-121.292403738
4.32932932933,-120.37063186
4.33433433433,-119.446386633
4.33933933934,-118.593439675
4.34434434434,-117.818460584
4.34934934935,-117.054904372
4.35435435435,-116.224212102
4.35935935936,-115.308057122
4.36436436436,-114.365214061
4.36936936937,-113.477541288
4.37437437437,-112.674740337
4.37937937938,-111.907068107
4.38438438438,-111.091090141
4.38938938939,-110.186409608
4.39439439439,-109.232827731
4.3993993994,-108.313770523
4.4044044044,-107.479607128
4.40940940941,-106.701360528
4.41441441441,-105.897368778
4.41941941942,-105.008384548
4.42442442442,-104.05206681
4.42942942943,-103.106765249
4.43443443443,-102.239505947
4.43943943944,-101.444387965
4.44444444444,-100.648028719
4.44944944945,-99.7770517019
4.45445445445,-98.8255686408
4.45945945946,-97.8606133176
4.46446446446,-96.9605312115
4.46946946947,-96.1429692475
4.47447447447,-95.3486715423
4.47947947948,-94.4959792628
4.48448448448,-93.5559276791
4.48948948949,-92.5788965266
4.49449449449,-91.6483114571
4.4994994995,-90.8039632506
4.5045045045,-90.0054447501
4.50950950951,-89.1693214329
4.51451451451,-88.2458611657
4.51951951952,-87.2647781598
4.52452452452,-86.3079343455
4.52952952953,-85.4340963938
4.53453453453,-84.6249264342
4.53953953954,-83.8018623518
4.54454454454,-82.8983679958
4.54954954955,-81.9211267913
4.55455455455,-80.9439176288
4.55955955956,-80.0398035094
4.56456456456,-79.2139783933
4.56956956957,-78.3990125478
4.57457457457,-77.5168677994
4.57957957958,-76.5506661539
4.58458458458,-75.5602280441
4.58958958959,-74.6270944122
4.59459459459,-73.7795790703
4.5995995996,-72.966757852
4.6046046046,-72.1053088094
4.60960960961,-71.1561387934
4.61461461461,-70.160346292
4.61961961962,-69.2014564593
4.62462462462,-68.328649274
4.62962962963,-67.511564504
4.63463463463,-66.6682355844
4.63963963964,-65.7404701288
4.64464464464,-64.7473725795
4.64964964965,-63.7678005187
4.65465465465,-62.8678842252
4.65965965966,-62.0402476636
4.66466466466,-61.210810846
4.66966966967,-60.306919506
4.67467467467,-59.3241639774
4.67967967968,-58.3304543067
4.68468468468,-57.4036049605
4.68968968969,-56.5598134584
4.69469469469,-55.738789347
4.6996996997,-54.8592058661
4.7047047047,-53.8934923016
4.70970970971,-52.8932032788
4.71471471471,-51.9416405859
4.71971971972,-51.077286803
4.72472472472,-50.2584455047
4.72972972973,-49.4015976708
4.73473473473,-48.4582095975
4.73973973974,-47.4593754682
4.74474474474,-46.4872504115
4.74974974975,-45.5995383584
4.75475475475,-44.7764602164
4.75975975976,-43.9389595739
4.76476476476,-43.0214076954
4.76976976977,-42.0319631685
4.77477477477,-41.0450918223
4.77977977978,-40.1331240678
4.78478478478,-39.2997755266
4.78978978979,-38.4767517739
4.79479479479,-37.5865587796
4.7997997998,-36.6137714166
4.8048048048,-35.619236098
4.80980980981,-34.6841497037
4.81481481481,-33.8354283729
4.81981981982,-33.0209817497
4.82482482482,-32.157625426
4.82982982983,-31.2075811023
4.83483483483,-30.2132305706
4.83983983984,-29.2581708672
4.84484484484,-28.3903763084
4.84984984985,-27.5781118776
4.85485485485,-26.7391309929
4.85985985986,-25.8163133609
4.86486486486,-24.8302018233
4.86986986987,-23.8601360596
4.87487487487,-22.9713287343
4.87987987988,-22.1549299402
4.88488488488,-21.3361844126
4.88988988989,-20.4431818085
4.89489489489,-19.4729913611
4.8998998999,-18.4943770117
4.9049049049,-17.5845967401
4.90990990991,-16.7583924958
4.91491491491,-15.9544570606
4.91991991992,-15.0918201446
4.92492492492,-14.1443126005
4.92992992993,-13.1646466982
4.93493493493,-12.2359731678
4.93993993994,-11.3954532404
4.94494494494,-10.6001131999
4.94994994995,-9.76637461319
4.95495495495,-8.84691632601
4.95995995996,-7.87420166061
4.96496496496,-6.93065210883
4.96996996997,-6.0728896898
4.97497497497,-5.27969919847
4.97997997998,-4.47155361322
4.98498498498,-3.58375109227
4.98998998999,-2.62592174128
4.99499499499,-1.67319390388
5.0,-0.797141646312
